74 4. 4444414 444411

Certus 44444 1444441444 1111 1444414 11444444 111
Ipse 1441444 444 14 41411 juvet 44144 tuosque
Laetus 14414 dono videas dare thura 4444144

44441414411144. Fixa 441444 4114414444, d 1444 malm, 4444 tiu 44444444·
1144444444444414 cali 1111 4144441, 44 gamem 1444 mensa-mm 1414

”mm

’1)1414. .11.·-1110444444144114441.1. 8444444441144. 14 4414111 41411441
4414111ἓ4γη441114μ111 1441144 144441. 1. 1. 1. 4. 14444. 011444. {Rem 41
1414. 144144 114441. 14114. 11111. 444. 144 4444 11444111444444411441.

nom

44 114141. 41 1144441414 111414. sylv. 441044441114 41144444 04414, 441·
4. ‘Quen [1)44411144444] 1111 4411· 1114111. 1411114 44444444, 441 111. 41
44411441411444 441441414441444414.’ Isidoro 4444144444, 14111414 44111444
1111 41144 4444141414 441441 11441 nou 11414,04444144,.141444,’44441114144
441441, 44444 1114, 4441 1144441144 14- 44411414 441 44144 0411444, 1414414,
4444 44444 4441111444 44441 14 colman 111444, 1411444414, 0444141114, 1444·
44144144, 44414441444 111414 144114· 4411414414 4 44444 1414141144114
vit 41144141 441114414444411 ge· 4101441444. 1144414144. Dicitur
444, iden 411414 114141 4444 4444144. 444444 41 441444 4414 41 14114444-
ceterum 44144444 84114, 14 4441114 dum.

4444114 441, 144144144441 40144414 144 0441444444444]ΰι4444,44·
14141114, 41 4444444144 11411 14144 444· 411441044444144, ’1441 4141144444 4·
4444 44444411 4411444414. 114 44414144 4144441 4414141144,44441144 444·
4111114144111.44414.444.1. ‘Ante 444 444144144441141144144. 11414
444444 441444 14 414414411444 1441144114 4444441414141441444 semem 444-
441444441114411, 444441 1444441014114 m. Sed 44114411444144114444 114
14411144,14414411144144144. 844· 4441141444 414, ne (11111144 44414444
14441414 4411144444 altitudinis 14114 :emm 44414. Et Ρ411414141114
1444144144144 4441 4414444441· mente 14444 longum 4441444444,

. 4444444144444414144444 44414444· 44444141114114141111444414114*11441

41441444, 441 144444 444444141144414 4441144 omnen 1144444414141144, 41
4414 441141 4411144144 eju· 4444144144· 1441444144114444111141414441444-
1411 41410114 tunt (114111, quum 414· eque 411141411414414144444441411·
44444 4141444 4 44411 4444441144114 411414 1144114414εὰ4441114441444444·
14414114 1444414144 4444144144 14144 44441444 1414 4114 4411441441 441411-
444444 444114 un, 4444444 4441444 144 mm 1144114441, 441 mgni 44-
414111144441444411144444 1144144144 14111111441141444414114 44114
44414 114144141441444 1141414411, 4444414414444 4444444144 habenta
4444 44414144441 441 44444414 regi· 1141144444 1444444441444,414111444
Demetrii, 4411414 nom 1411411144 dones! 04441441414441144144141111
11114144. ’14414 44144141444444114 114 4444114444 Germ 44444 term, 41
emm 14114444 4414441, 1414 414441, ψ11144414414444441444441444444
1414441141144, 41 4444444414 4414 11- te 4411141441 4114.

1144 41144, 4411444444 444144 1111411 141 1144114441111444111444144·
1144411414 44441414414, 44444 41414· 44 4141444444 44111444 44141. Cicero
4441414114 44141414414414441444,444 Offic- 141. ι04441144 41414 414144
pertingerent 41 44444 111144. 14414 4441, 41 444 1144 41444413 Et

1414144 mm] 11144144 144414 14 4444414414444441414444 4444141.

 

